2026-04-20 00:00:00 0 17 1 294 2 570 3 53 4 423 5 78 6 533 7 291 8 519 9 535 10 27 11 227 12 316 13 525 14 217 15 586
2026-04-20 00:00:10 0 416 1 254 2 333 3 415 4 293 5 159 6 694 7 750 8 709 9 904 10 226 11 644 12 11 13 225 14 890 15 1000
2026-04-20 00:00:20 0 684 1 267 2 174 3 743 4 952 5 908 6 966 7 585 8 975 9 973 10 44 11 387 12 509 13 370 14 556 15 800
2026-04-20 00:00:30 0 409 1 341 2 547 3 65 4 438 5 213 6 680 7 762 8 817 9 625 10 464 11 786 12 908 13 42 14 1003 15 97
2026-04-20 00:00:40 0 702 1 311 2 362 3 44 4 891 5 727 6 398 7 16 8 465 9 502 10 215 11 565 12 627 13 549 14 964 15 997
2026-04-20 00:00:50 0 1016 1 223 2 664 3 960 4 1008 5 586 6 206 7 67 8 269 9 740 10 434 11 603 12 956 13 720 14 29 15 91
2026-04-20 00:01:00 0 189 1 742 2 572 3 691 4 936 5 1023 6 385 7 606 8 568 9 467 10 12 11 759 12 450 13 104 14 946 15 387
2026-04-20 00:01:10 0 236 1 141 2 95 3 601 4 994 5 366 6 914 7 842 8 451 9 719 10 46 11 600 12 213 13 105 14 799 15 633
2026-04-20 00:01:20 0 38 1 238 2 517 3 789 4 1020 5 21 6 731 7 910 8 105 9 32 10 877 11 404 12 112 13 694 14 750 15 175
2026-04-20 00:01:30 0 117 1 4 2 291 3 997 4 939 5 666 6 1009 7 359 8 258 9 170 10 259 11 329 12 848 13 451 14 936 15 772
2026-04-20 00:01:40 0 272 1 765 2 728 3 343 4 257 5 907 6 199 7 141 8 194 9 26 10 189 11 719 12 881 13 458 14 211 15 254
2026-04-20 00:01:50 0 994 1 981 2 500 3 480 4 1001 5 641 6 382 7 201 8 607 9 161 10 968 11 212 12 248 13 192 14 588 15 78
2026-04-20 00:02:00 0 47 1 649 2 803 3 541 4 731 5 906 6 739 7 948 8 280 9 467 10 59 11 11 12 996 13 868 14 584 15 367
2026-04-20 00:02:10 0 876 1 801 2 131 3 798 4 356 5 491 6 112 7 132 8 933 9 167 10 14 11 636 12 458 13 750 14 1014 15 355
2026-04-20 00:02:20 0 856 1 872 2 177 3 701 4 184 5 308 6 735 7 112 8 840 9 273 10 964 11 518 12 26 13 83 14 600 15 130
2026-04-20 00:02:30 0 902 1 569 2 421 3 419 4 80 5 288 6 516 7 452 8 408 9 739 10 989 11 153 12 791 13 321 14 1008 15 980
2026-04-20 00:02:40 0 247 1 570 2 639 3 324 4 611 5 812 6 574 7 475 8 939 9 656 10 135 11 455 12 784 13 712 14 932 15 21
2026-04-20 00:02:50 0 231 1 899 2 353 3 918 4 647 5 464 6 593 7 988 8 285 9 379 10 150 11 596 12 428 13 795 14 179 15 260
2026-04-20 00:03:00 0 1010 1 354 2 263 3 78 4 949 5 845 6 609 7 677 8 327 9 462 10 673 11 843 12 85 13 404 14 761 15 945
2026-04-20 00:03:10 0 362 1 743 2 738 3 426 4 810 5 284 6 514 7 11 8 884 9 131 10 865 11 850 12 655 13 301 14 1017 15 9
2026-04-20 00:03:20 0 88 1 1008 2 999 3 527 4 705 5 325 6 237 7 305 8 810 9 778 10 418 11 862 12 613 13 635 14 867 15 397
2026-04-20 00:03:30 0 659 1 217 2 831 3 719 4 665 5 880 6 440 7 834 8 1011 9 452 10 816 11 608 12 454 13 279 14 681 15 420
2026-04-20 00:03:40 0 716 1 120 2 143 3 706 4 409 5 212 6 876 7 34 8 747 9 514 10 700 11 525 12 575 13 412 14 347 15 483
2026-04-20 00:03:50 0 549 1 46 2 383 3 584 4 537 5 722 6 999 7 381 8 1 9 492 10 389 11 1020 12 306 13 3 14 124 15 318
2026-04-20 00:04:00 0 810 1 327 2 294 3 371 4 113 5 841 6 962 7 917 8 594 9 85 10 419 11 994 12 262 13 700 14 34 15 519
2026-04-20 00:04:10 0 871 1 922 2 419 3 245 4 258 5 363 6 632 7 226 8 511 9 293 10 614 11 87 12 324 13 215 14 288 15 359
2026-04-20 00:04:20 0 209 1 154 2 709 3 990 4 890 5 439 6 574 7 129 8 703 9 31 10 899 11 487 12 336 13 800 14 770 15 419
2026-04-20 00:04:30 0 595 1 495 2 86 3 712 4 995 5 375 6 1021 7 106 8 734 9 15 10 804 11 1007 12 828 13 859 14 276 15 484
2026-04-20 00:04:40 0 597 1 720 2 218 3 409 4 390 5 61 6 489 7 82 8 261 9 820 10 768 11 328 12 402 13 185 14 994 15 293
2026-04-20 00:04:50 0 694 1 892 2 99 3 324 4 605 5 167 6 877 7 200 8 713 9 981 10 513 11 798 12 306 13 316 14 959 15 397
2026-04-20 00:05:00 0 89 1 211 2 52 3 813 4 161 5 712 6 813 7 858 8 993 9 507 10 965 11 89 12 70 13 310 14 72 15 286
2026-04-20 00:05:10 0 758 1 449 2 153 3 825 4 506 5 1009 6 983 7 900 8 826 9 430 10 188 11 134 12 822 13 928 14 311 15 565
2026-04-20 00:05:20 0 182 1 118 2 71 3 709 4 924 5 951 6 326 7 173 8 684 9 98 10 705 11 198 12 227 13 411 14 190 15 474
2026-04-20 00:05:30 0 583 1 293 2 206 3 756 4 557 5 34 6 921 7 237 8 15 9 393 10 838 11 951 12 391 13 119 14 946 15 354
2026-04-20 00:05:40 0 807 1 649 2 452 3 558 4 106 5 523 6 565 7 877 8 931 9 591 10 607 11 756 12 917 13 283 14 918 15 666
2026-04-20 00:05:50 0 440 1 187 2 538 3 956 4 214 5 159 6 748 7 472 8 349 9 743 10 478 11 442 12 755 13 461 14 426 15 644
2026-04-20 00:06:00 0 931 1 963 2 664 3 420 4 415 5 983 6 1 7 64 8 807 9 292 10 542 11 880 12 549 13 431 14 811 15 285
2026-04-20 00:06:10 0 310 1 1 2 384 3 87 4 893 5 902 6 955 7 31 8 364 9 952 10 386 11 127 12 68 13 474 14 122 15 387
2026-04-20 00:06:20 0 458 1 47 2 236 3 548 4 92 5 15 6 762 7 120 8 50 9 479 10 698 11 140 12 118 13 394 14 654 15 505
2026-04-20 00:06:30 0 489 1 241 2 303 3 97 4 525 5 702 6 386 7 998 8 958 9 293 10 508 11 1020 12 546 13 950 14 563 15 673
2026-04-20 00:06:40 0 572 1 649 2 301 3 997 4 307 5 711 6 391 7 677 8 257 9 378 10 207 11 740 12 561 13 217 14 705 15 314
2026-04-20 00:06:50 0 386 1 60 2 720 3 245 4 590 5 251 6 757 7 780 8 946 9 964 10 13 11 458 12 251 13 425 14 724 15 599
2026-04-20 00:07:00 0 681 1 804 2 385 3 535 4 72 5 577 6 566 7 984 8 921 9 197 10 812 11 775 12 636 13 425 14 966 15 124
2026-04-20 00:07:10 0 476 1 241 2 664 3 812 4 504 5 846 6 2 7 288 8 49 9 722 10 928 11 736 12 701 13 296 14 1014 15 668
2026-04-20 00:07:20 0 874 1 56 2 170 3 746 4 19 5 390 6 777 7 81 8 919 9 955 10 608 11 642 12 472 13 830 14 210 15 109
2026-04-20 00:07:30 0 836 1 367 2 664 3 751 4 283 5 830 6 1000 7 992 8 280 9 933 10 914 11 84 12 369 13 489 14 561 15 870
2026-04-20 00:07:40 0 895 1 826 2 928 3 942 4 985 5 509 6 847 7 115 8 786 9 216 10 633 11 429 12 494 13 676 14 951 15 89
2026-04-20 00:07:50 0 492 1 902 2 264 3 240 4 193 5 394 6 244 7 865 8 26 9 830 10 383 11 595 12 238 13 540 14 887 15 902
2026-04-20 00:08:00 0 758 1 71 2 830 3 764 4 1019 5 878 6 768 7 767 8 739 9 313 10 990 11 139 12 69 13 985 14 306 15 458
2026-04-20 00:08:10 0 1012 1 691 2 212 3 91 4 387 5 453 6 282 7 764 8 886 9 805 10 79 11 898 12 734 13 55 14 579 15 96
2026-04-20 00:08:20 0 187 1 596 2 985 3 332 4 997 5 214 6 1008 7 765 8 746 9 728 10 59 11 399 12 713 13 317 14 186 15 558
2026-04-20 00:08:30 0 407 1 741 2 558 3 373 4 56 5 259 6 402 7 488 8 651 9 472 10 340 11 98 12 708 13 280 14 291 15 319
2026-04-20 00:08:40 0 14 1 674 2 421 3 955 4 368 5 559 6 121 7 161 8 669 9 439 10 121 11 682 12 581 13 1003 14 771 15 324
2026-04-20 00:08:50 0 381 1 561 2 669 3 1021 4 819 5 184 6 964 7 270 8 825 9 406 10 581 11 286 12 322 13 418 14 119 15 571
2026-04-20 00:09:00 0 87 1 537 2 586 3 572 4 538 5 990 6 569 7 48 8 272 9 938 10 854 11 586 12 464 13 512 14 462 15 910
2026-04-20 00:09:10 0 231 1 216 2 261 3 677 4 883 5 310 6 75 7 280 8 1010 9 940 10 153 11 578 12 178 13 719 14 838 15 531
2026-04-20 00:09:20 0 87 1 184 2 276 3 868 4 177 5 156 6 741 7 810 8 791 9 547 10 679 11 914 12 106 13 388 14 537 15 495
2026-04-20 00:09:30 0 223 1 55 2 474 3 46 4 822 5 730 6 228 7 518 8 59 9 1023 10 449 11 560 12 930 13 695 14 529 15 973
2026-04-20 00:09:40 0 607 1 175 2 238 3 401 4 510 5 404 6 411 7 645 8 148 9 266 10 560 11 635 12 441 13 86 14 353 15 768
2026-04-20 00:09:50 0 195 1 27 2 225 3 825 4 645 5 39 6 82 7 700 8 536 9 697 10 143 11 267 12 592 13 963 14 68 15 498
2026-04-20 00:10:00 0 188 1 548 2 515 3 432 4 448 5 1021 6 694 7 784 8 520 9 264 10 707 11 684 12 218 13 158 14 693 15 428
2026-04-20 00:10:10 0 993 1 800 2 908 3 341 4 655 5 31 6 252 7 729 8 627 9 758 10 111 11 871 12 907 13 35 14 822 15 962
2026-04-20 00:10:20 0 64 1 762 2 120 3 448 4 130 5 126 6 1012 7 711 8 590 9 1016 10 798 11 565 12 283 13 1005 14 410 15 927
2026-04-20 00:10:30 0 496 1 201 2 317 3 479 4 81 5 242 6 186 7 584 8 892 9 980 10 72 11 29 12 898 13 543 14 807 15 617
2026-04-20 00:10:40 0 31 1 888 2 164 3 161 4 100 5 654 6 111 7 275 8 599 9 708 10 651 11 276 12 968 13 522 14 86 15 542
2026-04-20 00:10:50 0 188 1 504 2 639 3 626 4 28 5 782 6 68 7 943 8 119 9 791 10 296 11 154 12 583 13 639 14 125 15 559
2026-04-20 00:11:00 0 5 1 930 2 403 3 800 4 827 5 250 6 444 7 970 8 182 9 496 10 342 11 948 12 820 13 896 14 103 15 326
2026-04-20 00:11:10 0 278 1 722 2 46 3 20 4 473 5 196 6 742 7 946 8 723 9 636 10 677 11 440 12 995 13 70 14 17 15 742
2026-04-20 00:11:20 0 688 1 658 2 842 3 491 4 474 5 54 6 368 7 915 8 633 9 598 10 508 11 611 12 433 13 479 14 262 15 338
2026-04-20 00:11:30 0 103 1 111 2 677 3 435 4 277 5 803 6 778 7 373 8 71 9 30 10 697 11 668 12 856 13 587 14 15 15 992
2026-04-20 00:11:40 0 570 1 133 2 620 3 982 4 82 5 250 6 904 7 728 8 71 9 266 10 198 11 707 12 477 13 27 14 98 15 242
2026-04-20 00:11:50 0 398 1 747 2 729 3 27 4 131 5 787 6 610 7 223 8 209 9 40 10 195 11 302 12 360 13 362 14 1005 15 769
2026-04-20 00:12:00 0 77 1 995 2 109 3 486 4 447 5 662 6 116 7 772 8 550 9 594 10 866 11 447 12 9 13 183 14 379 15 826
2026-04-20 00:12:10 0 920 1 181 2 896 3 367 4 806 5 110 6 841 7 549 8 972 9 649 10 826 11 428 12 1006 13 225 14 797 15 530
2026-04-20 00:12:20 0 72 1 91 2 375 3 15 4 588 5 220 6 66 7 193 8 118 9 936 10 202 11 408 12 498 13 63 14 51 15 239
2026-04-20 00:12:30 0 748 1 871 2 958 3 890 4 361 5 692 6 323 7 574 8 909 9 259 10 765 11 255 12 191 13 333 14 328 15 354
2026-04-20 00:12:40 0 640 1 215 2 857 3 490 4 947 5 507 6 386 7 329 8 711 9 645 10 361 11 654 12 831 13 437 14 946 15 882
2026-04-20 00:12:50 0 178 1 71 2 725 3 387 4 794 5 855 6 66 7 613 8 606 9 930 10 734 11 354 12 960 13 644 14 635 15 127
2026-04-20 00:13:00 0 359 1 664 2 788 3 411 4 987 5 437 6 795 7 98 8 420 9 353 10 944 11 487 12 532 13 923 14 923 15 505
2026-04-20 00:13:10 0 838 1 671 2 1012 3 596 4 405 5 708 6 73 7 900 8 881 9 841 10 98 11 381 12 775 13 721 14 513 15 420
2026-04-20 00:13:20 0 372 1 825 2 764 3 949 4 880 5 425 6 407 7 0 8 278 9 917 10 850 11 921 12 416 13 607 14 779 15 341
2026-04-20 00:13:30 0 809 1 15 2 200 3 655 4 61 5 176 6 787 7 632 8 472 9 402 10 585 11 798 12 415 13 537 14 91 15 448
2026-04-20 00:13:40 0 886 1 348 2 535 3 670 4 414 5 933 6 975 7 995 8 464 9 678 10 533 11 417 12 429 13 298 14 986 15 404
2026-04-20 00:13:50 0 945 1 75 2 67 3 553 4 109 5 884 6 184 7 340 8 171 9 56 10 725 11 24 12 181 13 356 14 407 15 669
2026-04-20 00:14:00 0 160 1 888 2 604 3 533 4 836 5 902 6 627 7 823 8 132 9 187 10 584 11 860 12 135 13 839 14 297 15 815
2026-04-20 00:14:10 0 1015 1 467 2 957 3 137 4 468 5 691 6 299 7 550 8 464 9 982 10 625 11 400 12 829 13 796 14 243 15 176
2026-04-20 00:14:20 0 379 1 653 2 987 3 682 4 793 5 995 6 277 7 671 8 375 9 632 10 0 11 881 12 798 13 317 14 83 15 143
2026-04-20 00:14:30 0 17 1 623 2 50 3 1008 4 545 5 959 6 855 7 398 8 260 9 841 10 652 11 212 12 749 13 226 14 60 15 876
2026-04-20 00:14:40 0 209 1 777 2 722 3 141 4 938 5 742 6 468 7 66 8 543 9 925 10 494 11 484 12 27 13 502 14 423 15 651
2026-04-20 00:14:50 0 920 1 552 2 933 3 591 4 649 5 676 6 543 7 426 8 839 9 831 10 43 11 418 12 422 13 954 14 879 15 452
2026-04-20 00:15:00 0 610 1 1008 2 235 3 744 4 54 5 658 6 178 7 587 8 423 9 997 10 853 11 402 12 182 13 171 14 222 15 50
2026-04-20 00:15:10 0 7 1 737 2 928 3 685 4 741 5 261 6 189 7 677 8 687 9 480 10 83 11 1005 12 832 13 205 14 308 15 78
2026-04-20 00:15:20 0 619 1 773 2 53 3 705 4 575 5 658 6 791 7 75 8 536 9 593 10 321 11 900 12 901 13 71 14 464 15 698
2026-04-20 00:15:30 0 775 1 196 2 402 3 506 4 24 5 378 6 1005 7 325 8 464 9 669 10 615 11 227 12 222 13 90 14 925 15 184
2026-04-20 00:15:40 0 681 1 1012 2 388 3 181 4 730 5 620 6 916 7 568 8 253 9 370 10 18 11 597 12 827 13 621 14 78 15 607
2026-04-20 00:15:50 0 193 1 891 2 302 3 109 4 407 5 551 6 872 7 362 8 817 9 623 10 956 11 756 12 835 13 542 14 475 15 852
2026-04-20 00:16:00 0 391 1 772 2 479 3 253 4 288 5 833 6 403 7 775 8 7 9 661 10 187 11 109 12 550 13 939 14 620 15 533
2026-04-20 00:16:10 0 362 1 939 2 628 3 280 4 351 5 938 6 616 7 922 8 815 9 230 10 148 11 65 12 496 13 534 14 649 15 223
2026-04-20 00:16:20 0 579 1 71 2 580 3 609 4 197 5 141 6 433 7 268 8 278 9 980 10 695 11 340 12 466 13 466 14 596 15 529
2026-04-20 00:16:30 0 139 1 139 2 910 3 69 4 878 5 427 6 497 7 12 8 267 9 157 10 54 11 988 12 690 13 765 14 796 15 130
2026-04-20 00:16:40 0 883 1 208 2 592 3 356 4 577 5 536 6 680 7 167 8 526 9 515 10 753 11 493 12 154 13 421 14 389 15 398
2026-04-20 00:16:50 0 525 1 988 2 662 3 585 4 247 5 225 6 132 7 935 8 672 9 432 10 75 11 371 12 321 13 162 14 950 15 507
2026-04-20 00:17:00 0 694 1 914 2 23 3 618 4 326 5 231 6 382 7 368 8 511 9 28 10 204 11 662 12 337 13 798 14 952 15 502
2026-04-20 00:17:10 0 509 1 325 2 873 3 223 4 441 5 358 6 92 7 741 8 646 9 728 10 799 11 61 12 544 13 63 14 685 15 623
2026-04-20 00:17:20 0 362 1 259 2 832 3 452 4 143 5 630 6 727 7 867 8 376 9 258 10 390 11 702 12 231 13 763 14 632 15 457
2026-04-20 00:17:30 0 866 1 274 2 974 3 184 4 781 5 130 6 939 7 630 8 222 9 438 10 504 11 402 12 773 13 384 14 320 15 339
2026-04-20 00:17:40 0 752 1 180 2 958 3 663 4 232 5 67 6 789 7 665 8 267 9 886 10 785 11 469 12 521 13 356 14 665 15 45
2026-04-20 00:17:50 0 374 1 298 2 812 3 264 4 444 5 114 6 578 7 93 8 414 9 802 10 322 11 613 12 19 13 111 14 605 15 624
2026-04-20 00:18:00 0 506 1 815 2 740 3 471 4 214 5 719 6 732 7 96 8 43 9 178 10 1017 11 584 12 706 13 409 14 773 15 226
2026-04-20 00:18:10 0 830 1 692 2 445 3 543 4 882 5 16 6 797 7 869 8 236 9 98 10 276 11 838 12 919 13 139 14 152 15 683
2026-04-20 00:18:20 0 328 1 367 2 413 3 750 4 558 5 294 6 854 7 164 8 414 9 2 10 642 11 90 12 249 13 427 14 41 15 428
2026-04-20 00:18:30 0 771 1 191 2 803 3 308 4 185 5 1016 6 703 7 64 8 174 9 947 10 415 11 1015 12 944 13 293 14 320 15 771
2026-04-20 00:18:40 0 415 1 568 2 875 3 724 4 997 5 97 6 558 7 420 8 978 9 896 10 156 11 94 12 501 13 10 14 1000 15 303
2026-04-20 00:18:50 0 431 1 285 2 933 3 966 4 76 5 61 6 363 7 865 8 782 9 828 10 213 11 745 12 736 13 784 14 353 15 307
2026-04-20 00:19:00 0 828 1 936 2 647 3 432 4 477 5 369 6 455 7 901 8 667 9 552 10 940 11 252 12 731 13 94 14 585 15 314
2026-04-20 00:19:10 0 564 1 366 2 293 3 974 4 331 5 537 6 582 7 714 8 854 9 322 10 653 11 130 12 995 13 573 14 715 15 954
2026-04-20 00:19:20 0 845 1 295 2 467 3 687 4 412 5 158 6 945 7 314 8 244 9 152 10 100 11 26 12 64 13 106 14 355 15 21
2026-04-20 00:19:30 0 896 1 721 2 192 3 211 4 286 5 506 6 622 7 385 8 698 9 650 10 447 11 310 12 53 13 992 14 693 15 185
2026-04-20 00:19:40 0 215 1 591 2 901 3 252 4 870 5 868 6 586 7 273 8 562 9 572 10 447 11 74 12 819 13 938 14 569 15 813
2026-04-20 00:19:50 0 571 1 465 2 449 3 994 4 451 5 793 6 101 7 124 8 957 9 812 10 280 11 292 12 637 13 828 14 723 15 281
2026-04-20 00:20:00 0 80 1 412 2 885 3 397 4 106 5 108 6 830 7 625 8 646 9 430 10 1001 11 174 12 239 13 926 14 761 15 643
2026-04-20 00:20:10 0 925 1 47 2 1009 3 602 4 662 5 827 6 1000 7 193 8 355 9 969 10 209 11 1012 12 489 13 723 14 591 15 448
2026-04-20 00:20:20 0 153 1 350 2 516 3 668 4 404 5 694 6 931 7 811 8 511 9 453 10 884 11 371 12 758 13 1002 14 147 15 360
2026-04-20 00:20:30 0 706 1 4 2 805 3 599 4 846 5 552 6 904 7 572 8 949 9 855 10 264 11 802 12 459 13 171 14 893 15 316
2026-04-20 00:20:40 0 146 1 508 2 34 3 111 4 802 5 241 6 395 7 795 8 964 9 255 10 442 11 684 12 733 13 174 14 301 15 997
2026-04-20 00:20:50 0 902 1 190 2 959 3 272 4 445 5 594 6 92 7 80 8 602 9 290 10 200 11 436 12 982 13 123 14 866 15 335
2026-04-20 00:21:00 0 391 1 717 2 376 3 690 4 345 5 949 6 375 7 1 8 513 9 852 10 953 11 703 12 561 13 796 14 280 15 288
2026-04-20 00:21:10 0 1001 1 1006 2 178 3 58 4 23 5 475 6 608 7 408 8 825 9 830 10 918 11 530 12 360 13 740 14 852 15 903
2026-04-20 00:21:20 0 730 1 589 2 577 3 949 4 913 5 579 6 122 7 200 8 141 9 79 10 457 11 539 12 669 13 805 14 844 15 10
2026-04-20 00:21:30 0 1014 1 475 2 271 3 455 4 230 5 193 6 314 7 374 8 62 9 175 10 963 11 625 12 518 13 760 14 680 15 777
2026-04-20 00:21:40 0 643 1 827 2 232 3 596 4 35 5 235 6 785 7 477 8 1005 9 953 10 823 11 1017 12 973 13 96 14 706 15 428
2026-04-20 00:21:50 0 461 1 702 2 1021 3 998 4 49 5 996 6 627 7 84 8 131 9 820 10 610 11 135 12 581 13 376 14 1000 15 75
2026-04-20 00:22:00 0 902 1 558 2 485 3 389 4 498 5 181 6 234 7 905 8 687 9 470 10 844 11 89 12 945 13 427 14 358 15 382
2026-04-20 00:22:10 0 55 1 755 2 364 3 993 4 639 5 229 6 409 7 105 8 967 9 416 10 892 11 48 12 467 13 559 14 53 15 899
2026-04-20 00:22:20 0 432 1 97 2 949 3 936 4 554 5 184 6 489 7 855 8 599 9 301 10 823 11 132 12 113 13 389 14 137 15 764
2026-04-20 00:22:30 0 719 1 674 2 923 3 135 4 137 5 80 6 634 7 412 8 547 9 206 10 909 11 74 12 90 13 589 14 576 15 218
2026-04-20 00:22:40 0 170 1 564 2 913 3 934 4 844 5 552 6 64 7 537 8 423 9 734 10 355 11 921 12 470 13 110 14 824 15 121
2026-04-20 00:22:50 0 1020 1 440 2 72 3 924 4 648 5 936 6 23 7 935 8 934 9 1000 10 697 11 248 12 614 13 355 14 128 15 889
2026-04-20 00:23:00 0 869 1 334 2 785 3 483 4 635 5 253 6 50 7 919 8 326 9 817 10 887 11 274 12 541 13 151 14 448 15 242
2026-04-20 00:23:10 0 268 1 574 2 546 3 223 4 1007 5 874 6 103 7 410 8 593 9 193 10 614 11 120 12 162 13 55 14 725 15 825
2026-04-20 00:23:20 0 350 1 14 2 685 3 440 4 836 5 362 6 889 7 144 8 263 9 930 10 857 11 989 12 849 13 886 14 721 15 682
2026-04-20 00:23:30 0 879 1 211 2 234 3 426 4 33 5 571 6 885 7 542 8 808 9 784 10 636 11 881 12 87 13 285 14 59 15 449
2026-04-20 00:23:40 0 813 1 279 2 164 3 186 4 933 5 109 6 644 7 776 8 85 9 790 10 959 11 127 12 331 13 656 14 824 15 726
2026-04-20 00:23:50 0 68 1 220 2 479 3 424 4 965 5 404 6 785 7 591 8 21 9 405 10 877 11 605 12 910 13 994 14 844 15 517
2026-04-20 00:24:00 0 913 1 961 2 64 3 161 4 252 5 337 6 229 7 741 8 534 9 570 10 562 11 718 12 220 13 782 14 39 15 45
2026-04-20 00:24:10 0 908 1 54 2 625 3 765 4 668 5 527 6 703 7 804 8 179 9 92 10 541 11 862 12 480 13 606 14 541 15 656
2026-04-20 00:24:20 0 62 1 672 2 161 3 525 4 215 5 965 6 918 7 801 8 292 9 267 10 226 11 26 12 196 13 850 14 630 15 901
2026-04-20 00:24:30 0 131 1 436 2 285 3 506 4 366 5 308 6 93 7 369 8 373 9 736 10 825 11 717 12 551 13 447 14 657 15 35
2026-04-20 00:24:40 0 138 1 669 2 471 3 20 4 289 5 402 6 490 7 285 8 564 9 979 10 782 11 849 12 11 13 333 14 195 15 699
2026-04-20 00:24:50 0 612 1 129 2 935 3 865 4 527 5 766 6 467 7 332 8 308 9 876 10 828 11 591 12 177 13 571 14 827 15 412
2026-04-20 00:25:00 0 556 1 11 2 607 3 227 4 688 5 914 6 574 7 314 8 984 9 40 10 645 11 437 12 381 13 501 14 964 15 289
2026-04-20 00:25:10 0 818 1 54 2 649 3 277 4 370 5 723 6 871 7 104 8 681 9 397 10 290 11 401 12 34 13 625 14 956 15 980
2026-04-20 00:25:20 0 305 1 141 2 795 3 838 4 616 5 86 6 100 7 865 8 22 9 644 10 948 11 570 12 798 13 305 14 1018 15 752
2026-04-20 00:25:30 0 276 1 101 2 577 3 343 4 481 5 818 6 489 7 674 8 371 9 737 10 687 11 653 12 289 13 963 14 423 15 486
2026-04-20 00:25:40 0 91 1 312 2 403 3 482 4 111 5 276 6 773 7 50 8 236 9 297 10 83 11 10 12 19 13 423 14 761 15 636
2026-04-20 00:25:50 0 287 1 176 2 136 3 3 4 50 5 588 6 492 7 940 8 962 9 316 10 739 11 552 12 48 13 610 14 234 15 307
2026-04-20 00:26:00 0 752 1 214 2 166 3 843 4 34 5 778 6 808 7 526 8 77 9 117 10 1 11 220 12 70 13 255 14 11 15 912
2026-04-20 00:26:10 0 519 1 703 2 384 3 621 4 961 5 765 6 679 7 851 8 330 9 900 10 236 11 2 12 49 13 967 14 1003 15 544
2026-04-20 00:26:20 0 524 1 125 2 546 3 324 4 977 5 883 6 905 7 415 8 757 9 356 10 261 11 745 12 44 13 167 14 693 15 361
2026-04-20 00:26:30 0 84 1 606 2 655 3 862 4 595 5 983 6 272 7 340 8 240 9 352 10 865 11 881 12 29 13 611 14 476 15 807
2026-04-20 00:26:40 0 426 1 658 2 767 3 587 4 295 5 960 6 177 7 148 8 441 9 798 10 0 11 861 12 439 13 330 14 1010 15 24
2026-04-20 00:26:50 0 5 1 257 2 501 3 683 4 667 5 598 6 890 7 1008 8 32 9 432 10 620 11 438 12 796 13 595 14 988 15 490
2026-04-20 00:27:00 0 275 1 51 2 34 3 894 4 183 5 898 6 350 7 610 8 733 9 138 10 867 11 554 12 616 13 136 14 130 15 174
2026-04-20 00:27:10 0 439 1 941 2 798 3 745 4 485 5 246 6 1019 7 904 8 831 9 120 10 48 11 1018 12 117 13 96 14 656 15 63
2026-04-20 00:27:20 0 590 1 806 2 668 3 732 4 390 5 363 6 460 7 870 8 937 9 390 10 477 11 382 12 526 13 478 14 418 15 1021
2026-04-20 00:27:30 0 905 1 414 2 211 3 166 4 799 5 161 6 959 7 573 8 788 9 698 10 323 11 563 12 12 13 549 14 964 15 157
2026-04-20 00:27:40 0 299 1 949 2 73 3 990 4 848 5 444 6 15 7 1012 8 604 9 618 10 8 11 90 12 627 13 75 14 378 15 234
2026-04-20 00:27:50 0 97 1 626 2 709 3 727 4 931 5 809 6 230 7 546 8 300 9 43 10 973 11 944 12 977 13 229 14 706 15 464
2026-04-20 00:28:00 0 205 1 856 2 608 3 452 4 668 5 214 6 675 7 68 8 935 9 320 10 587 11 81 12 891 13 229 14 98 15 496
2026-04-20 00:28:10 0 330 1 77 2 898 3 586 4 982 5 323 6 259 7 842 8 555 9 1001 10 506 11 433 12 947 13 41 14 959 15 532
2026-04-20 00:28:20 0 63 1 687 2 380 3 245 4 892 5 640 6 696 7 238 8 436 9 481 10 914 11 803 12 546 13 624 14 948 15 638
2026-04-20 00:28:30 0 852 1 663 2 849 3 485 4 411 5 712 6 242 7 792 8 917 9 940 10 761 11 316 12 899 13 37 14 201 15 852
2026-04-20 00:28:40 0 346 1 258 2 255 3 954 4 993 5 867 6 932 7 530 8 484 9 382 10 635 11 934 12 33 13 258 14 881 15 334
2026-04-20 00:28:50 0 308 1 670 2 945 3 1008 4 367 5 409 6 949 7 446 8 787 9 501 10 380 11 706 12 151 13 110 14 142 15 228
2026-04-20 00:29:00 0 479 1 164 2 760 3 617 4 850 5 578 6 986 7 623 8 35 9 377 10 727 11 761 12 452 13 190 14 23 15 773
2026-04-20 00:29:10 0 496 1 353 2 668 3 806 4 73 5 102 6 201 7 1019 8 700 9 142 10 889 11 188 12 723 13 944 14 434 15 807
2026-04-20 00:29:20 0 847 1 798 2 902 3 292 4 928 5 214 6 366 7 315 8 157 9 601 10 498 11 606 12 787 13 939 14 187 15 586
2026-04-20 00:29:30 0 766 1 309 2 689 3 36 4 579 5 506 6 536 7 710 8 932 9 732 10 852 11 134 12 975 13 23 14 358 15 245
2026-04-20 00:29:40 0 552 1 752 2 400 3 617 4 940 5 146 6 663 7 260 8 620 9 849 10 286 11 960 12 148 13 320 14 645 15 61
2026-04-20 00:29:50 0 224 1 922 2 610 3 176 4 924 5 351 6 865 7 757 8 728 9 775 10 243 11 987 12 806 13 868 14 289 15 63
2026-04-20 00:30:00 0 707 1 904 2 73 3 372 4 889 5 151 6 373 7 195 8 73 9 624 10 894 11 222 12 413 13 423 14 504 15 153
2026-04-20 00:30:10 0 450 1 495 2 665 3 291 4 129 5 831 6 350 7 214 8 545 9 146 10 815 11 497 12 316 13 409 14 686 15 87
2026-04-20 00:30:20 0 607 1 345 2 239 3 851 4 429 5 988 6 572 7 444 8 214 9 791 10 176 11 350 12 898 13 369 14 748 15 25
2026-04-20 00:30:30 0 485 1 789 2 732 3 965 4 568 5 312 6 104 7 45 8 959 9 267 10 913 11 775 12 1018 13 624 14 467 15 136
2026-04-20 00:30:40 0 291 1 760 2 225 3 725 4 865 5 24 6 83 7 72 8 231 9 5 10 641 11 387 12 175 13 978 14 453 15 1011
2026-04-20 00:30:50 0 208 1 332 2 692 3 614 4 154 5 485 6 295 7 690 8 552 9 271 10 484 11 845 12 938 13 272 14 625 15 475
2026-04-20 00:31:00 0 293 1 860 2 478 3 356 4 179 5 101 6 573 7 707 8 742 9 16 10 1012 11 959 12 913 13 630 14 761 15 871
2026-04-20 00:31:10 0 236 1 949 2 73 3 771 4 672 5 224 6 771 7 257 8 204 9 1011 10 143 11 33 12 216 13 217 14 594 15 214
2026-04-20 00:31:20 0 294 1 409 2 987 3 939 4 334 5 71 6 800 7 588 8 607 9 918 10 206 11 932 12 392 13 638 14 627 15 333
2026-04-20 00:31:30 0 641 1 315 2 703 3 437 4 416 5 427 6 75 7 940 8 740 9 50 10 148 11 604 12 377 13 716 14 673 15 223
2026-04-20 00:31:40 0 605 1 276 2 783 3 444 4 180 5 967 6 465 7 436 8 768 9 599 10 655 11 825 12 804 13 597 14 765 15 623
2026-04-20 00:31:50 0 213 1 206 2 258 3 296 4 594 5 44 6 100 7 520 8 132 9 502 10 220 11 358 12 726 13 81 14 861 15 188
2026-04-20 00:32:00 0 238 1 676 2 916 3 597 4 1014 5 199 6 910 7 977 8 914 9 450 10 475 11 553 12 462 13 817 14 1023 15 573
2026-04-20 00:32:10 0 878 1 137 2 899 3 879 4 536 5 221 6 33 7 445 8 885 9 376 10 329 11 584 12 681 13 883 14 741 15 578
2026-04-20 00:32:20 0 950 1 425 2 879 3 820 4 982 5 737 6 47 7 140 8 148 9 727 10 238 11 64 12 305 13 273 14 305 15 973
2026-04-20 00:32:30 0 471 1 571 2 134 3 772 4 597 5 998 6 939 7 771 8 341 9 528 10 947 11 152 12 676 13 250 14 919 15 685
2026-04-20 00:32:40 0 86 1 820 2 807 3 505 4 350 5 121 6 356 7 517 8 930 9 623 10 334 11 1019 12 225 13 761 14 609 15 763
2026-04-20 00:32:50 0 258 1 219 2 491 3 705 4 320 5 212 6 939 7 253 8 893 9 160 10 964 11 1009 12 697 13 423 14 982 15 974
2026-04-20 00:33:00 0 671 1 753 2 390 3 498 4 268 5 558 6 998 7 412 8 141 9 190 10 622 11 100 12 435 13 447 14 1011 15 271
2026-04-20 00:33:10 0 667 1 2 2 38 3 515 4 559 5 489 6 62 7 809 8 121 9 525 10 674 11 227 12 519 13 691 14 465 15 846
2026-04-20 00:33:20 0 647 1 808 2 889 3 279 4 577 5 896 6 64 7 367 8 84 9 600 10 657 11 221 12 186 13 568 14 526 15 862
2026-04-20 00:33:30 0 30 1 235 2 796 3 767 4 845 5 723 6 509 7 113 8 784 9 847 10 268 11 1000 12 615 13 996 14 710 15 690
2026-04-20 00:33:40 0 279 1 511 2 448 3 68 4 982 5 387 6 110 7 322 8 519 9 84 10 920 11 921 12 478 13 884 14 327 15 487
2026-04-20 00:33:50 0 523 1 92 2 914 3 774 4 950 5 552 6 226 7 563 8 470 9 160 10 778 11 200 12 732 13 580 14 334 15 199
2026-04-20 00:34:00 0 234 1 740 2 693 3 1003 4 411 5 836 6 418 7 172 8 394 9 61 10 485 11 774 12 834 13 698 14 422 15 466
2026-04-20 00:34:10 0 91 1 382 2 763 3 765 4 44 5 497 6 129 7 75 8 256 9 156 10 100 11 794 12 996 13 70 14 398 15 966
2026-04-20 00:34:20 0 978 1 231 2 914 3 714 4 96 5 100 6 853 7 276 8 546 9 379 10 1014 11 684 12 627 13 784 14 174 15 790
2026-04-20 00:34:30 0 871 1 478 2 859 3 147 4 717 5 155 6 443 7 896 8 96 9 45 10 190 11 55 12 110 13 264 14 1023 15 665
2026-04-20 00:34:40 0 535 1 542 2 144 3 63 4 528 5 1002 6 568 7 627 8 761 9 454 10 61 11 812 12 931 13 595 14 752 15 831
2026-04-20 00:34:50 0 847 1 103 2 805 3 689 4 24 5 104 6 524 7 394 8 909 9 456 10 999 11 28 12 271 13 1018 14 703 15 217
2026-04-20 00:35:00 0 418 1 31 2 504 3 526 4 909 5 987 6 18 7 336 8 83 9 589 10 290 11 610 12 689 13 13 14 301 15 49
2026-04-20 00:35:10 0 986 1 267 2 351 3 98 4 830 5 222 6 120 7 668 8 189 9 406 10 119 11 385 12 369 13 618 14 224 15 747
2026-04-20 00:35:20 0 1005 1 401 2 904 3 917 4 558 5 738 6 895 7 146 8 703 9 809 10 386 11 102 12 628 13 147 14 592 15 515
2026-04-20 00:35:30 0 338 1 928 2 204 3 753 4 972 5 843 6 489 7 689 8 604 9 988 10 556 11 504 12 188 13 330 14 37 15 121
2026-04-20 00:35:40 0 571 1 952 2 805 3 641 4 457 5 787 6 615 7 910 8 795 9 800 10 435 11 746 12 229 13 952 14 407 15 846
2026-04-20 00:35:50 0 327 1 634 2 122 3 907 4 651 5 767 6 635 7 1006 8 302 9 230 10 889 11 38 12 122 13 627 14 225 15 763
2026-04-20 00:36:00 0 8 1 226 2 342 3 796 4 511 5 733 6 967 7 957 8 560 9 312 10 571 11 65 12 803 13 870 14 760 15 986
2026-04-20 00:36:10 0 58 1 656 2 504 3 860 4 370 5 204 6 325 7 65 8 427 9 641 10 57 11 238 12 133 13 723 14 206 15 436
2026-04-20 00:36:20 0 955 1 310 2 449 3 588 4 882 5 326 6 240 7 493 8 564 9 108 10 29 11 802 12 14 13 969 14 555 15 497
2026-04-20 00:36:30 0 251 1 442 2 18 3 586 4 838 5 485 6 807 7 553 8 565 9 693 10 627 11 191 12 42 13 679 14 613 15 990
2026-04-20 00:36:40 0 49 1 695 2 636 3 934 4 409 5 459 6 961 7 320 8 78 9 680 10 817 11 1017 12 719 13 960 14 528 15 94
2026-04-20 00:36:50 0 441 1 970 2 457 3 664 4 158 5 344 6 806 7 608 8 471 9 426 10 990 11 1005 12 779 13 494 14 4 15 201
2026-04-20 00:37:00 0 133 1 519 2 70 3 469 4 3 5 26 6 529 7 336 8 305 9 91 10 223 11 247 12 110 13 227 14 599 15 158
2026-04-20 00:37:10 0 413 1 320 2 494 3 957 4 348 5 333 6 991 7 603 8 96 9 373 10 139 11 592 12 763 13 85 14 60 15 486
2026-04-20 00:37:20 0 242 1 702 2 528 3 204 4 767 5 609 6 730 7 823 8 849 9 535 10 210 11 170 12 222 13 36 14 77 15 1012
2026-04-20 00:37:30 0 540 1 565 2 830 3 625 4 425 5 845 6 352 7 871 8 203 9 617 10 702 11 979 12 115 13 262 14 993 15 830
2026-04-20 00:37:40 0 1015 1 136 2 995 3 582 4 414 5 547 6 185 7 800 8 0 9 919 10 53 11 788 12 332 13 14 14 641 15 421
2026-04-20 00:37:50 0 56 1 247 2 862 3 149 4 260 5 566 6 139 7 346 8 470 9 981 10 127 11 1003 12 718 13 342 14 923 15 647
2026-04-20 00:38:00 0 625 1 709 2 955 3 251 4 916 5 338 6 578 7 635 8 18 9 988 10 106 11 414 12 377 13 1008 14 966 15 135
2026-04-20 00:38:10 0 835 1 653 2 611 3 381 4 43 5 313 6 993 7 1014 8 535 9 131 10 355 11 427 12 79 13 1023 14 538 15 133
2026-04-20 00:38:20 0 756 1 157 2 44 3 111 4 869 5 963 6 972 7 679 8 291 9 313 10 674 11 823 12 588 13 774 14 957 15 881
2026-04-20 00:38:30 0 205 1 88 2 823 3 43 4 111 5 119 6 418 7 172 8 770 9 692 10 768 11 866 12 851 13 665 14 264 15 374
2026-04-20 00:38:40 0 755 1 907 2 353 3 270 4 966 5 268 6 213 7 716 8 829 9 539 10 289 11 308 12 737 13 381 14 260 15 101
2026-04-20 00:38:50 0 624 1 182 2 1012 3 509 4 212 5 46 6 69 7 618 8 769 9 498 10 129 11 422 12 967 13 707 14 198 15 866
2026-04-20 00:39:00 0 785 1 112 2 86 3 79 4 540 5 593 6 986 7 44 8 596 9 294 10 319 11 949 12 433 13 740 14 700 15 372
2026-04-20 00:39:10 0 559 1 733 2 289 3 994 4 50 5 986 6 419 7 184 8 815 9 530 10 668 11 349 12 571 13 310 14 464 15 153
2026-04-20 00:39:20 0 568 1 452 2 981 3 4 4 35 5 788 6 849 7 185 8 801 9 55 10 418 11 614 12 808 13 376 14 776 15 805
2026-04-20 00:39:30 0 850 1 570 2 878 3 583 4 1017 5 287 6 460 7 989 8 490 9 734 10 408 11 424 12 379 13 714 14 330 15 346
2026-04-20 00:39:40 0 588 1 1021 2 378 3 422 4 863 5 181 6 358 7 360 8 936 9 877 10 559 11 872 12 692 13 884 14 81 15 769
2026-04-20 00:39:50 0 252 1 641 2 767 3 561 4 645 5 286 6 79 7 929 8 438 9 852 10 541 11 852 12 926 13 656 14 887 15 91
2026-04-20 00:40:00 0 882 1 21 2 230 3 539 4 380 5 499 6 111 7 400 8 290 9 370 10 357 11 215 12 814 13 274 14 286 15 210
2026-04-20 00:40:10 0 2 1 112 2 497 3 261 4 429 5 322 6 820 7 887 8 197 9 262 10 966 11 208 12 268 13 1022 14 312 15 488
2026-04-20 00:40:20 0 801 1 811 2 531 3 534 4 919 5 355 6 573 7 626 8 168 9 143 10 328 11 805 12 672 13 243 14 182 15 974
2026-04-20 00:40:30 0 496 1 837 2 569 3 771 4 967 5 265 6 607 7 624 8 224 9 775 10 197 11 325 12 618 13 998 14 234 15 250
2026-04-20 00:40:40 0 442 1 253 2 302 3 586 4 271 5 678 6 847 7 860 8 512 9 142 10 355 11 287 12 470 13 276 14 790 15 657
2026-04-20 00:40:50 0 444 1 122 2 1015 3 905 4 306 5 584 6 447 7 91 8 667 9 124 10 70 11 394 12 56 13 523 14 383 15 869
2026-04-20 00:41:00 0 17 1 338 2 578 3 883 4 699 5 668 6 893 7 178 8 131 9 249 10 536 11 1005 12 699 13 786 14 57 15 448
2026-04-20 00:41:10 0 430 1 767 2 784 3 309 4 779 5 848 6 129 7 690 8 634 9 126 10 938 11 410 12 580 13 210 14 144 15 750
2026-04-20 00:41:20 0 141 1 877 2 499 3 221 4 275 5 365 6 631 7 325 8 983 9 148 10 411 11 413 12 975 13 84 14 679 15 628
2026-04-20 00:41:30 0 684 1 381 2 685 3 429 4 104 5 758 6 794 7 871 8 666 9 353 10 989 11 404 12 594 13 565 14 75 15 162
2026-04-20 00:41:40 0 169 1 52 2 521 3 363 4 263 5 379 6 921 7 601 8 338 9 486 10 81 11 413 12 825 13 180 14 157 15 542
2026-04-20 00:41:50 0 391 1 249 2 561 3 478 4 863 5 77 6 406 7 192 8 795 9 688 10 316 11 670 12 935 13 220 14 374 15 119
2026-04-20 00:42:00 0 763 1 214 2 578 3 74 4 531 5 122 6 510 7 248 8 270 9 779 10 626 11 141 12 303 13 545 14 720 15 675
2026-04-20 00:42:10 0 281 1 454 2 479 3 115 4 208 5 197 6 589 7 798 8 429 9 528 10 735 11 409 12 998 13 619 14 802 15 52
2026-04-20 00:42:20 0 682 1 819 2 336 3 337 4 984 5 47 6 488 7 162 8 573 9 495 10 203 11 981 12 99 13 907 14 936 15 543
2026-04-20 00:42:30 0 536 1 678 2 118 3 562 4 279 5 638 6 308 7 444 8 650 9 153 10 286 11 761 12 418 13 215 14 682 15 677
2026-04-20 00:42:40 0 399 1 559 2 564 3 846 4 621 5 898 6 761 7 992 8 338 9 499 10 326 11 430 12 94 13 575 14 359 15 99
2026-04-20 00:42:50 0 651 1 398 2 1015 3 11 4 783 5 270 6 821 7 625 8 313 9 740 10 893 11 497 12 1006 13 441 14 558 15 996
2026-04-20 00:43:00 0 870 1 680 2 348 3 885 4 860 5 734 6 24 7 483 8 882 9 291 10 450 11 583 12 958 13 302 14 516 15 454
2026-04-20 00:43:10 0 285 1 106 2 1002 3 959 4 234 5 531 6 170 7 975 8 141 9 948 10 759 11 297 12 369 13 71 14 319 15 955
2026-04-20 00:43:20 0 589 1 590 2 634 3 360 4 167 5 837 6 565 7 514 8 997 9 476 10 39 11 249 12 174 13 418 14 934 15 139
2026-04-20 00:43:30 0 832 1 485 2 664 3 556 4 568 5 102 6 684 7 538 8 807 9 499 10 642 11 414 12 17 13 526 14 162 15 895
2026-04-20 00:43:40 0 613 1 726 2 276 3 934 4 891 5 436 6 592 7 137 8 96 9 594 10 553 11 74 12 464 13 940 14 509 15 818
2026-04-20 00:43:50 0 533 1 211 2 563 3 695 4 271 5 198 6 906 7 289 8 997 9 942 10 313 11 401 12 970 13 594 14 756 15 801
2026-04-20 00:44:00 0 761 1 829 2 612 3 187 4 368 5 211 6 808 7 745 8 395 9 315 10 680 11 812 12 856 13 947 14 908 15 441
2026-04-20 00:44:10 0 8 1 722 2 386 3 727 4 615 5 197 6 866 7 124 8 397 9 289 10 384 11 912 12 624 13 190 14 314 15 293
2026-04-20 00:44:20 0 853 1 713 2 448 3 140 4 582 5 634 6 69 7 812 8 935 9 137 10 358 11 900 12 636 13 623 14 601 15 889
2026-04-20 00:44:30 0 397 1 109 2 960 3 295 4 820 5 969 6 58 7 551 8 619 9 739 10 1023 11 85 12 561 13 999 14 268 15 801
2026-04-20 00:44:40 0 5 1 613 2 356 3 491 4 839 5 193 6 123 7 621 8 201 9 67 10 291 11 765 12 10 13 543 14 703 15 213
2026-04-20 00:44:50 0 337 1 194 2 472 3 160 4 761 5 236 6 765 7 757 8 586 9 905 10 231 11 613 12 760 13 779 14 338 15 882
2026-04-20 00:45:00 0 704 1 310 2 598 3 387 4 296 5 494 6 578 7 979 8 7 9 161 10 299 11 945 12 346 13 222 14 769 15 888
2026-04-20 00:45:10 0 80 1 102 2 1021 3 931 4 164 5 45 6 167 7 930 8 283 9 211 10 206 11 855 12 510 13 343 14 446 15 166
2026-04-20 00:45:20 0 118 1 68 2 109 3 305 4 98 5 299 6 401 7 794 8 779 9 86 10 846 11 523 12 288 13 368 14 484 15 759
2026-04-20 00:45:30 0 0 1 999 2 466 3 993 4 569 5 176 6 415 7 376 8 332 9 407 10 580 11 19 12 654 13 116 14 643 15 111
2026-04-20 00:45:40 0 703 1 444 2 786 3 138 4 750 5 25 6 435 7 496 8 199 9 672 10 473 11 669 12 425 13 178 14 859 15 433
2026-04-20 00:45:50 0 730 1 288 2 28 3 443 4 325 5 719 6 878 7 350 8 562 9 190 10 197 11 79 12 566 13 892 14 802 15 548
2026-04-20 00:46:00 0 996 1 289 2 11 3 57 4 37 5 300 6 467 7 170 8 618 9 373 10 616 11 150 12 208 13 10 14 173 15 142
2026-04-20 00:46:10 0 345 1 143 2 470 3 37 4 369 5 532 6 705 7 806 8 425 9 595 10 282 11 301 12 283 13 290 14 766 15 155
2026-04-20 00:46:20 0 258 1 774 2 80 3 163 4 528 5 206 6 539 7 127 8 557 9 805 10 580 11 223 12 883 13 347 14 411 15 345
2026-04-20 00:46:30 0 675 1 0 2 110 3 164 4 157 5 401 6 62 7 27 8 490 9 977 10 36 11 172 12 323 13 208 14 404 15 198
2026-04-20 00:46:40 0 980 1 811 2 92 3 916 4 8 5 289 6 552 7 534 8 496 9 980 10 49 11 19 12 104 13 592 14 962 15 114
2026-04-20 00:46:50 0 634 1 606 2 715 3 804 4 685 5 954 6 111 7 184 8 149 9 679 10 933 11 929 12 535 13 1006 14 338 15 660
2026-04-20 00:47:00 0 925 1 115 2 855 3 861 4 464 5 786 6 855 7 485 8 587 9 760 10 528 11 302 12 648 13 223 14 43 15 416
2026-04-20 00:47:10 0 493 1 993 2 538 3 473 4 548 5 786 6 415 7 271 8 482 9 684 10 795 11 901 12 429 13 609 14 67 15 426
2026-04-20 00:47:20 0 458 1 233 2 875 3 824 4 258 5 698 6 55 7 238 8 749 9 1018 10 595 11 557 12 58 13 705 14 384 15 133
2026-04-20 00:47:30 0 352 1 308 2 126 3 629 4 676 5 351 6 371 7 421 8 804 9 288 10 306 11 332 12 50 13 921 14 477 15 570
2026-04-20 00:47:40 0 250 1 191 2 135 3 520 4 629 5 833 6 210 7 689 8 917 9 196 10 533 11 696 12 226 13 215 14 996 15 950
2026-04-20 00:47:50 0 298 1 244 2 336 3 207 4 634 5 746 6 308 7 954 8 479 9 68 10 52 11 707 12 598 13 104 14 366 15 547
2026-04-20 00:48:00 0 493 1 83 2 534 3 423 4 800 5 318 6 1005 7 269 8 187 9 370 10 637 11 874 12 881 13 349 14 939 15 610
2026-04-20 00:48:10 0 150 1 20 2 510 3 171 4 1010 5 222 6 615 7 1001 8 353 9 763 10 20 11 932 12 701 13 222 14 875 15 33
2026-04-20 00:48:20 0 212 1 616 2 189 3 944 4 313 5 118 6 533 7 679 8 457 9 500 10 107 11 967 12 1005 13 887 14 922 15 67
2026-04-20 00:48:30 0 642 1 158 2 417 3 562 4 649 5 635 6 889 7 692 8 207 9 915 10 936 11 952 12 646 13 513 14 857 15 194
2026-04-20 00:48:40 0 992 1 855 2 793 3 252 4 122 5 562 6 209 7 483 8 298 9 733 10 24 11 847 12 619 13 983 14 351 15 835
2026-04-20 00:48:50 0 77 1 848 2 766 3 422 4 600 5 297 6 652 7 206 8 48 9 743 10 474 11 796 12 593 13 861 14 46 15 192
2026-04-20 00:49:00 0 700 1 351 2 413 3 240 4 422 5 972 6 966 7 794 8 372 9 577 10 528 11 930 12 593 13 19 14 654 15 45
2026-04-20 00:49:10 0 912 1 429 2 650 3 217 4 403 5 751 6 980 7 218 8 451 9 287 10 875 11 754 12 162 13 463 14 704 15 285
2026-04-20 00:49:20 0 847 1 42 2 906 3 554 4 328 5 934 6 994 7 984 8 319 9 57 10 273 11 475 12 726 13 343 14 627 15 85
2026-04-20 00:49:30 0 302 1 615 2 126 3 570 4 51 5 954 6 654 7 275 8 632 9 734 10 837 11 992 12 653 13 158 14 326 15 471
2026-04-20 00:49:40 0 527 1 1010 2 57 3 107 4 919 5 202 6 131 7 56 8 846 9 733 10 274 11 211 12 873 13 568 14 287 15 501
2026-04-20 00:49:50 0 563 1 432 2 963 3 390 4 239 5 461 6 780 7 336 8 503 9 986 10 399 11 455 12 699 13 736 14 432 15 189
2026-04-20 00:50:00 0 942 1 5 2 948 3 37 4 139 5 366 6 731 7 68 8 57 9 178 10 18 11 244 12 85 13 37 14 275 15 954
2026-04-20 00:50:10 0 883 1 652 2 967 3 486 4 976 5 812 6 750 7 633 8 857 9 418 10 607 11 560 12 559 13 311 14 595 15 530
2026-04-20 00:50:20 0 590 1 638 2 500 3 1012 4 778 5 1018 6 584 7 169 8 229 9 140 10 791 11 541 12 166 13 367 14 288 15 17
2026-04-20 00:50:30 0 714 1 106 2 670 3 671 4 496 5 548 6 974 7 578 8 618 9 439 10 46 11 401 12 844 13 667 14 929 15 619
2026-04-20 00:50:40 0 227 1 649 2 464 3 675 4 322 5 910 6 123 7 958 8 476 9 784 10 612 11 177 12 634 13 440 14 377 15 557
2026-04-20 00:50:50 0 759 1 152 2 529 3 667 4 96 5 190 6 668 7 820 8 124 9 214 10 152 11 714 12 657 13 767 14 172 15 152
2026-04-20 00:51:00 0 957 1 280 2 860 3 108 4 708 5 9 6 895 7 635 8 144 9 950 10 94 11 974 12 913 13 697 14 441 15 826
2026-04-20 00:51:10 0 1023 1 186 2 227 3 866 4 397 5 857 6 117 7 244 8 670 9 50 10 760 11 518 12 558 13 125 14 888 15 119
2026-04-20 00:51:20 0 885 1 194 2 630 3 150 4 480 5 687 6 659 7 858 8 692 9 29 10 724 11 429 12 441 13 484 14 433 15 655
2026-04-20 00:51:30 0 691 1 223 2 438 3 185 4 213 5 228 6 264 7 904 8 1009 9 497 10 359 11 245 12 512 13 524 14 804 15 1021
2026-04-20 00:51:40 0 725 1 879 2 65 3 843 4 541 5 37 6 98 7 969 8 99 9 601 10 991 11 1010 12 365 13 42 14 849 15 63
2026-04-20 00:51:50 0 566 1 384 2 455 3 1002 4 581 5 641 6 106 7 470 8 356 9 27 10 314 11 479 12 226 13 849 14 355 15 901
2026-04-20 00:52:00 0 571 1 613 2 539 3 508 4 528 5 158 6 1002 7 114 8 401 9 733 10 847 11 782 12 140 13 20 14 292 15 280
2026-04-20 00:52:10 0 984 1 40 2 476 3 631 4 528 5 81 6 157 7 247 8 49 9 670 10 217 11 806 12 213 13 10 14 694 15 309
2026-04-20 00:52:20 0 951 1 848 2 8 3 775 4 395 5 750 6 750 7 713 8 1006 9 489 10 11 11 753 12 742 13 28 14 237 15 571
2026-04-20 00:52:30 0 637 1 666 2 536 3 511 4 938 5 440 6 742 7 859 8 414 9 523 10 445 11 521 12 948 13 1022 14 78 15 930
2026-04-20 00:52:40 0 960 1 800 2 931 3 567 4 53 5 485 6 999 7 459 8 906 9 648 10 954 11 822 12 532 13 193 14 1016 15 253
2026-04-20 00:52:50 0 832 1 483 2 340 3 25 4 157 5 107 6 283 7 349 8 779 9 481 10 701 11 839 12 401 13 890 14 93 15 951
2026-04-20 00:53:00 0 660 1 691 2 109 3 392 4 333 5 783 6 699 7 442 8 175 9 969 10 272 11 502 12 423 13 856 14 1010 15 689
2026-04-20 00:53:10 0 723 1 53 2 54 3 472 4 149 5 318 6 985 7 782 8 83 9 815 10 704 11 861 12 2 13 739 14 667 15 106
2026-04-20 00:53:20 0 941 1 781 2 238 3 595 4 473 5 87 6 885 7 358 8 442 9 116 10 273 11 267 12 768 13 737 14 858 15 373
2026-04-20 00:53:30 0 966 1 835 2 637 3 410 4 310 5 888 6 567 7 869 8 717 9 580 10 783 11 664 12 936 13 680 14 364 15 818
2026-04-20 00:53:40 0 755 1 463 2 856 3 618 4 230 5 206 6 753 7 237 8 103 9 242 10 265 11 417 12 972 13 638 14 914 15 403
2026-04-20 00:53:50 0 273 1 660 2 933 3 708 4 297 5 870 6 736 7 249 8 435 9 303 10 94 11 457 12 124 13 993 14 96 15 850
2026-04-20 00:54:00 0 67 1 862 2 955 3 805 4 1018 5 958 6 103 7 757 8 878 9 229 10 512 11 93 12 1013 13 711 14 673 15 687
2026-04-20 00:54:10 0 63 1 217 2 785 3 923 4 989 5 983 6 856 7 763 8 432 9 773 10 912 11 607 12 791 13 609 14 179 15 83
2026-04-20 00:54:20 0 702 1 974 2 976 3 48 4 943 5 744 6 270 7 765 8 410 9 460 10 824 11 902 12 535 13 725 14 703 15 612
2026-04-20 00:54:30 0 943 1 465 2 1012 3 772 4 753 5 63 6 871 7 853 8 407 9 41 10 157 11 126 12 726 13 703 14 701 15 695
2026-04-20 00:54:40 0 638 1 231 2 323 3 513 4 259 5 429 6 26 7 161 8 843 9 347 10 852 11 54 12 615 13 8 14 34 15 360
2026-04-20 00:54:50 0 721 1 48 2 643 3 858 4 24 5 51 6 617 7 669 8 498 9 237 10 224 11 497 12 652 13 1011 14 519 15 891
2026-04-20 00:55:00 0 200 1 306 2 94 3 791 4 505 5 148 6 969 7 85 8 239 9 311 10 225 11 657 12 995 13 898 14 503 15 220
2026-04-20 00:55:10 0 519 1 813 2 299 3 245 4 613 5 981 6 201 7 304 8 67 9 80 10 236 11 318 12 800 13 752 14 367 15 375
2026-04-20 00:55:20 0 245 1 448 2 315 3 824 4 360 5 54 6 856 7 280 8 604 9 602 10 472 11 25 12 557 13 32 14 972 15 493
2026-04-20 00:55:30 0 742 1 1008 2 482 3 394 4 951 5 581 6 264 7 910 8 802 9 1010 10 11 11 112 12 807 13 577 14 106 15 311
2026-04-20 00:55:40 0 267 1 419 2 662 3 942 4 789 5 133 6 432 7 231 8 703 9 526 10 745 11 543 12 757 13 835 14 439 15 512
2026-04-20 00:55:50 0 589 1 59 2 176 3 825 4 687 5 271 6 830 7 204 8 511 9 894 10 207 11 53 12 915 13 335 14 446 15 438
2026-04-20 00:56:00 0 870 1 172 2 942 3 285 4 636 5 128 6 401 7 80 8 55 9 171 10 665 11 260 12 47 13 697 14 1008 15 307
2026-04-20 00:56:10 0 228 1 540 2 355 3 328 4 959 5 1002 6 302 7 614 8 219 9 1015 10 347 11 886 12 127 13 987 14 445 15 962
2026-04-20 00:56:20 0 947 1 577 2 603 3 256 4 489 5 851 6 104 7 13 8 413 9 378 10 639 11 722 12 143 13 225 14 68 15 685
2026-04-20 00:56:30 0 1013 1 211 2 114 3 510 4 946 5 162 6 795 7 280 8 958 9 204 10 36 11 551 12 887 13 161 14 126 15 981
2026-04-20 00:56:40 0 473 1 480 2 914 3 186 4 349 5 811 6 824 7 811 8 409 9 81 10 348 11 90 12 51 13 537 14 224 15 839
2026-04-20 00:56:50 0 519 1 429 2 349 3 1023 4 841 5 180 6 1021 7 32 8 380 9 381 10 413 11 370 12 641 13 224 14 621 15 398
2026-04-20 00:57:00 0 394 1 914 2 520 3 318 4 1002 5 47 6 400 7 668 8 49 9 780 10 19 11 590 12 745 13 960 14 512 15 715
2026-04-20 00:57:10 0 511 1 912 2 349 3 167 4 289 5 348 6 783 7 492 8 363 9 491 10 898 11 83 12 435 13 873 14 327 15 434
2026-04-20 00:57:20 0 507 1 419 2 126 3 15 4 9 5 526 6 731 7 379 8 589 9 373 10 870 11 1 12 597 13 952 14 656 15 693
2026-04-20 00:57:30 0 453 1 912 2 473 3 147 4 484 5 610 6 742 7 190 8 619 9 551 10 190 11 371 12 204 13 413 14 161 15 678
2026-04-20 00:57:40 0 221 1 1020 2 391 3 253 4 506 5 352 6 410 7 630 8 507 9 946 10 826 11 214 12 552 13 530 14 508 15 787
2026-04-20 00:57:50 0 666 1 176 2 315 3 372 4 103 5 413 6 664 7 879 8 743 9 552 10 879 11 904 12 969 13 523 14 1018 15 531
2026-04-20 00:58:00 0 480 1 105 2 428 3 558 4 158 5 96 6 835 7 1016 8 591 9 144 10 346 11 552 12 698 13 64 14 351 15 871
2026-04-20 00:58:10 0 725 1 657 2 145 3 91 4 50 5 526 6 231 7 922 8 686 9 932 10 334 11 269 12 244 13 189 14 626 15 37
2026-04-20 00:58:20 0 948 1 663 2 76 3 597 4 76 5 936 6 626 7 751 8 82 9 829 10 697 11 905 12 949 13 946 14 446 15 822
2026-04-20 00:58:30 0 861 1 897 2 270 3 856 4 161 5 68 6 339 7 971 8 667 9 845 10 269 11 51 12 632 13 34 14 164 15 271
2026-04-20 00:58:40 0 223 1 643 2 470 3 162 4 66 5 649 6 338 7 733 8 249 9 265 10 135 11 378 12 453 13 721 14 197 15 608
2026-04-20 00:58:50 0 947 1 299 2 179 3 318 4 723 5 895 6 286 7 157 8 985 9 988 10 914 11 682 12 974 13 571 14 452 15 353
2026-04-20 00:59:00 0 414 1 166 2 607 3 585 4 19 5 912 6 772 7 930 8 129 9 198 10 875 11 330 12 636 13 193 14 786 15 267
2026-04-20 00:59:10 0 61 1 378 2 385 3 124 4 941 5 473 6 637 7 237 8 389 9 957 10 1020 11 464 12 452 13 501 14 1018 15 964
2026-04-20 00:59:20 0 208 1 670 2 815 3 975 4 213 5 223 6 461 7 307 8 847 9 311 10 283 11 349 12 377 13 355 14 806 15 892
2026-04-20 00:59:30 0 246 1 138 2 178 3 263 4 895 5 888 6 1005 7 781 8 877 9 86 10 691 11 861 12 115 13 115 14 1007 15 398
2026-04-20 00:59:40 0 443 1 860 2 605 3 769 4 13 5 709 6 964 7 15 8 626 9 38 10 66 11 1017 12 166 13 18 14 481 15 476
2026-04-20 00:59:50 0 191 1 494 2 972 3 1011 4 833 5 284 6 813 7 936 8 126 9 216 10 399 11 901 12 346 13 118 14 180 15 452
